# Stereo camera calibration report
# Generated by kinect-stereo-calib - MRPT at Mon Feb 25 17:18:56 2019
# (This file is loadable from rawlog-edit and other MRPT tools)
# ---------------------------------------------------------------------

# Left camera (IR/Depth in Kinect) calibration parameters (and 95% confidence intervals):
[CAMERA_PARAMS_LEFT]
resolution = [640 488]
cx         = 328.578143  // +/- 0.011
cy         = 284.442121  // +/- 0.011
fx         = 875.822495  // +/- 0.066
fy         = 880.729200  // +/- 0.087
dist       = [4.701440e-02 1.498504e+00 -1.820504e-03 -1.385358e-02 3.902459e-02]    // The order is: [K1 K2 T1 T2 K3]

# Right camera (RGB in Kinect) calibration parameters  (and 95% confidence intervals):
[CAMERA_PARAMS_RIGHT]
resolution = [640 480]
cx         = 328.566027  // +/- 0.011
cy         = 262.602025  // +/- 0.011
fx         = 568.799979  // +/- 0.049
fy         = 571.035888  // +/- 0.070
dist       = [2.333643e-01 -2.315010e-01 -1.392999e-02 -9.729625e-03 -1.378301e-02]    // The order is: [K1 K2 T1 T2 K3]

# Relative pose of the right camera wrt to the left camera:
# This assumes that both camera frames are such that +Z points
# forwards, and +X and +Y to the right and downwards.
[CAMERA_PARAMS_LEFT2RIGHT_POSE]
translation_only     = [1.004299e-02 -7.333038e-02 2.601242e-01]
rotation_matrix_only = [9.9960402602360e-01 -2.6342849499474e-02 9.8916852787281e-03 ;2.6029920098498e-02 9.9919476089592e-01 3.0533146870535e-02 ;-1.0688050199692e-02 -3.0263576761512e-02 9.9948480804089e-01 ]
pose_yaw_pitch_roll  = [0.010043 -0.073330 0.260124 1.491658 0.612392 -1.734339]  // (YPR in degrees)
pose_quaternion      = [0.010043 -0.073330 0.260124 0.999785 -0.015202 0.005146 0.013096]

# Info about calibration parameters:
[CALIB_METAINFO]
number_good_cheesboards = 23
average_reprojection_error = 1.472216 // RMSE pixels
cheesboard_nx = 6
cheesboard_ny = 9
cheesboard_square_size_x = 0.024800 // (m)
cheesboard_square_size_y = 0.024800 // (m)

